../../../../../../../../../../.git/annex/objects/46/Kx/MD5E-s193--83acfc5f971a68820147d7b53616e338.csv/MD5E-s193--83acfc5f971a68820147d7b53616e338.csv