../../../../../../../../../../../.git/annex/objects/0p/1M/MD5E-s24867--5488ecc93cc08a14dc6a717658b57818.csv/MD5E-s24867--5488ecc93cc08a14dc6a717658b57818.csv