../../../../../../../../../../../.git/annex/objects/wg/7J/MD5E-s18585589--a2b426af31f88d25023b4eff1cd962f9.csv/MD5E-s18585589--a2b426af31f88d25023b4eff1cd962f9.csv