../../../../../../../../../../.git/annex/objects/8k/QG/MD5E-s5015--21d48e929f7e1ae7c141d2b4b4a8c7ef.csv/MD5E-s5015--21d48e929f7e1ae7c141d2b4b4a8c7ef.csv