../../../../../../../../../../../../../../.git/annex/objects/1g/gq/MD5E-s14240462--4f1b1ebb8685b1ada74cb0e9d6e094fe.csv/MD5E-s14240462--4f1b1ebb8685b1ada74cb0e9d6e094fe.csv