../../../../../../../../../../.git/annex/objects/9Q/89/MD5E-s1908--0c9f9b22271142c1650e5e86af0fe9bc.csv/MD5E-s1908--0c9f9b22271142c1650e5e86af0fe9bc.csv