../../../../../../../../../../../.git/annex/objects/Vj/Kx/MD5E-s108--7f9ba66ce5bf9568e6a88698366c7291.csv/MD5E-s108--7f9ba66ce5bf9568e6a88698366c7291.csv